8.783445101583694736e+00
7.230944175151604592e-01
5.997226195845119179e+00
1.717044139794049684e+01
2.178376959836541449e+00
7.135885175249969237e+00
8.378394632712776513e+00
7.816181240108809547e+00
5.174615815546174780e+00
4.461640203756203960e+00
1.352834719936707009e+00
8.555724755626069822e+00
4.931941641221326833e+00
9.408566844562407994e+00
5.744024482036024892e+00
4.888279895718076418e+00
-7.291860091472673666e+00
6.732132988262732098e+00
8.955510706292741929e+00
6.098445377256692446e+00
-9.656153673407283478e+00
-6.369048489735313900e-01
1.093617912148332749e+01
1.067512455907925428e+01
4.012120091461246929e+00
1.248707435104391195e+01
7.685664458710024682e+00
1.095890961414002085e+01
2.242334348835342439e+00
3.543880243208008984e+00
7.101445623747859592e-01
3.030917760763449653e+00
1.188429743223423429e+00
8.407617276835844811e-01
2.296542703063884971e+00
1.473847247940414285e+01
5.921728162160846409e+00
-6.617827067241751848e+00
2.351229778972570905e+00
8.857121449020372239e+00
-2.885187753578800862e+00
-8.587984963838575680e+00
-3.832451004721166843e+00
2.826090725356528566e+01
6.237555095878951406e+00
1.537200005146898185e+01
7.761146468767116113e-01
6.874805260829383258e+00
1.463251270254692216e+01
3.728384630049317305e+00
1.072060633565937238e+01
1.317501024745557281e+01
3.137910102782630162e+00
-5.646458537078703266e+00
1.562774508301389886e+01
-4.672416464326030194e+00
-7.066942603197307271e+00
2.339794582980683657e+01
1.875016532910773526e+00
1.520915276295737151e+01
1.150355320518673707e+01
1.424818961630242953e+01
6.205084535198972517e+00
1.105411800277984291e+01
1.885068940750149302e+00
3.979253235889367524e+00
3.404270677095615483e+00
1.821986875533345085e+01
1.022028837368847753e+01
2.673797921495611352e+00
-1.845083526371856575e+00
2.869275611220581279e+00
1.518822056463857884e+01
9.702222911665236538e+00
1.372343797435125801e+01
-1.324948334391511606e+00
-1.010937426972224529e+01
6.627098228389557200e+00
9.888333800938408080e-01
2.583224273485307698e+00
1.551917001221145176e+00
5.003182331181899478e+00
8.336835439668476511e+00
-7.063289175220887728e+00
1.502695971173319123e+01
-4.164322643844505123e+00
-1.090424583882837339e+01
6.901045061082980325e+00
8.157074751584804773e+00
5.005827435295860717e+00
1.159202042451438075e+01
2.915977205171721653e+00
-1.142438472851801912e+01
6.867528110500426664e+00
5.376854575917382029e+00
2.676751105758037319e+00
1.392387680478484491e+01
8.784142702619901044e+00
9.281065250341558936e+00
8.031613275010059283e+00
