-9.600000000000007416e-01
-9.600000000000006306e-01
-9.600000000000006306e-01
-1.030000000000000693e+00
-1.030000000000000693e+00
-9.600000000000007416e-01
-9.700000000000007505e-01
-9.700000000000006395e-01
-9.700000000000007505e-01
-9.700000000000006395e-01
-1.050000000000000711e+00
-1.010000000000000675e+00
-9.700000000000007505e-01
-9.800000000000006484e-01
-1.010000000000000675e+00
-1.000000000000000666e+00
-1.070000000000000728e+00
-9.500000000000007327e-01
-9.900000000000006573e-01
-1.070000000000000728e+00
-1.060000000000000719e+00
-1.080000000000000737e+00
-9.200000000000005951e-01
-1.010000000000000675e+00
-9.800000000000007594e-01
-1.000000000000000666e+00
-1.020000000000000684e+00
-9.800000000000006484e-01
-1.030000000000000693e+00
-1.020000000000000684e+00
-1.060000000000000719e+00
-9.600000000000006306e-01
-8.800000000000006706e-01
-9.600000000000007416e-01
-8.900000000000005684e-01
-8.700000000000005507e-01
-1.070000000000000728e+00
-9.600000000000007416e-01
-1.060000000000000719e+00
-1.090000000000000746e+00
-1.000000000000000666e+00
-1.050000000000000711e+00
-1.060000000000000719e+00
-1.010000000000000675e+00
-9.700000000000007505e-01
-1.050000000000000711e+00
-1.170000000000000817e+00
-9.000000000000005773e-01
-9.000000000000005773e-01
-1.020000000000000684e+00
-9.700000000000006395e-01
-9.200000000000005951e-01
-1.000000000000000666e+00
-9.300000000000007150e-01
-1.070000000000000728e+00
-1.010000000000000675e+00
-9.200000000000007061e-01
-1.070000000000000728e+00
-1.010000000000000675e+00
-1.020000000000000684e+00
-1.060000000000000719e+00
-1.020000000000000684e+00
-8.600000000000005418e-01
-9.600000000000006306e-01
-8.000000000000005995e-01
-7.300000000000005373e-01
-9.700000000000006395e-01
-1.220000000000000862e+00
-1.290000000000000924e+00
-1.510000000000001119e+00
-1.760000000000001341e+00
-1.650000000000001243e+00
-1.820000000000001394e+00
-1.750000000000001332e+00
-1.560000000000001164e+00
-1.330000000000000959e+00
-1.260000000000000897e+00
-1.150000000000000799e+00
-9.200000000000007061e-01
-1.000000000000000666e+00
-9.800000000000006484e-01
-1.030000000000000693e+00
-9.800000000000006484e-01
-9.800000000000007594e-01
-9.700000000000006395e-01
-1.000000000000000666e+00
-1.020000000000000684e+00
-9.800000000000007594e-01
-9.900000000000006573e-01
-9.800000000000006484e-01
-9.500000000000007327e-01
-7.000000000000005107e-01
-7.800000000000004707e-01
-8.700000000000006617e-01
-1.140000000000000790e+00
-1.050000000000000711e+00
-1.720000000000001306e+00
-1.890000000000001457e+00
-2.289999999999999591e+00
-2.479999999999999982e+00
-2.389999999999993907e+00
-2.379999999999993232e+00
-1.960000000000001297e+00
-1.480000000000001092e+00
-1.480000000000001092e+00
-1.280000000000000915e+00
-1.200000000000000844e+00
-1.130000000000000782e+00
-1.040000000000000702e+00
-1.010000000000000675e+00
-1.050000000000000711e+00
-1.000000000000000666e+00
-9.700000000000006395e-01
-1.040000000000000702e+00
-1.030000000000000693e+00
-1.070000000000000728e+00
-1.110000000000000764e+00
-9.300000000000006040e-01
-1.000000000000000666e+00
-9.600000000000006306e-01
-8.400000000000006350e-01
-8.600000000000006528e-01
-1.290000000000000924e+00
-1.690000000000001279e+00
-1.890000000000001235e+00
-2.389999999999997460e+00
-2.090000000000012736e+00
-3.050000000000010036e+00
-2.929999999999976179e+00
-2.690000000000010161e+00
-1.540000000000001146e+00
-1.560000000000001164e+00
-1.830000000000001403e+00
-1.430000000000001048e+00
-9.900000000000006573e-01
-1.020000000000000684e+00
-1.020000000000000684e+00
-9.900000000000006573e-01
-1.030000000000000693e+00
-1.020000000000000684e+00
-1.070000000000000728e+00
-9.900000000000006573e-01
-9.500000000000007327e-01
-8.800000000000006706e-01
-9.500000000000006217e-01
-7.700000000000004619e-01
-4.500000000000001776e-01
-6.500000000000004663e-01
-4.200000000000001510e-01
-1.200000000000000622e+00
-1.790000000000001368e+00
-1.040000000000000480e+00
-1.150000000000000799e+00
-1.540000000000001146e+00
-6.100000000000000977e-01
3.800000000000000044e-01
2.200000000000008615e-01
-3.299999999999991829e-01
-1.640000000000001013e+00
-1.860000000000001208e+00
-1.940000000000000391e+00
-1.210000000000000853e+00
-1.380000000000001004e+00
-1.100000000000000755e+00
-1.070000000000000728e+00
-1.190000000000000835e+00
-1.010000000000000675e+00
-9.700000000000007505e-01
-1.050000000000000711e+00
-9.500000000000007327e-01
-9.400000000000006128e-01
-8.900000000000005684e-01
-9.100000000000005862e-01
-5.300000000000003597e-01
-5.200000000000003508e-01
1.400000000000004019e-01
4.200000000000007061e-01
-1.190000000000000835e+00
-9.000000000000003553e-01
-9.999999999999947820e-02
-9.999999999999890921e-03
-6.400000000000001243e-01
3.699999999999997735e-01
1.350000000000000533e+00
1.690000000000001723e+00
9.200000000000012612e-01
-5.399999999999995914e-01
-2.119999999999993001e+00
-1.250000000000000666e+00
-4.399999999999996136e-01
-9.000000000000005773e-01
-1.120000000000000773e+00
-1.150000000000000799e+00
-1.180000000000000826e+00
-1.130000000000000782e+00
-8.400000000000006350e-01
-9.800000000000006484e-01
-1.040000000000000702e+00
-9.800000000000006484e-01
-8.900000000000005684e-01
-7.300000000000004263e-01
-7.400000000000005462e-01
-5.400000000000003686e-01
3.700000000000006617e-01
-4.599999999999999645e-01
-5.900000000000000799e-01
-6.100000000000003197e-01
-6.500000000000001332e-01
3.300000000000000711e-01
2.259999999999988685e+00
1.760000000000001785e+00
2.459999999999995968e+00
2.449999999999979750e+00
9.999999999999921452e-02
5.700000000000007283e-01
5.299999999999999156e-01
-1.099999999999986683e-01
1.600000000000002531e-01
-1.070000000000000728e+00
-1.170000000000000595e+00
-1.010000000000000675e+00
-1.140000000000000790e+00
-1.140000000000000790e+00
-9.500000000000006217e-01
-9.800000000000007594e-01
-1.050000000000000711e+00
-9.700000000000006395e-01
-9.300000000000006040e-01
-5.600000000000002753e-01
-1.010000000000000675e+00
-4.100000000000000311e-01
3.000000000000038747e-02
-6.999999999999972911e-02
-1.600000000000000311e-01
4.699999999999995293e-01
6.999999999999975686e-02
-5.099999999999998979e-01
-1.100000000000001532e-01
6.400000000000012346e-01
1.520000000000001128e+00
9.200000000000008171e-01
1.699999999999998179e-01
4.100000000000001421e-01
-4.999999999999992228e-01
-5.900000000000003020e-01
-7.200000000000003064e-01
-2.200000000000000289e-01
-1.190000000000000613e+00
-1.180000000000000826e+00
-1.530000000000001137e+00
-1.140000000000000790e+00
-9.800000000000007594e-01
-1.010000000000000675e+00
-8.900000000000006795e-01
-9.900000000000006573e-01
-6.000000000000004219e-01
-6.200000000000003286e-01
-6.400000000000003464e-01
3.200000000000002842e-01
-1.599999999999999756e-01
3.100000000000011635e-01
3.400000000000010791e-01
3.199999999999996181e-01
-6.999999999999975686e-02
-3.099999999999989431e-01
3.999999999999930694e-02
1.000000000000001110e+00
6.600000000000013634e-01
2.099999999999986322e-01
-1.330000000000000293e+00
-2.100000000000007416e-01
-7.800000000000004707e-01
-4.599999999999998535e-01
-3.099999999999991651e-01
3.500000000000004219e-01
1.600000000000003086e-01
-7.900000000000004796e-01
-9.800000000000006484e-01
-9.500000000000007327e-01
-1.020000000000000684e+00
-9.300000000000007150e-01
-9.200000000000005951e-01
-9.700000000000007505e-01
-9.800000000000006484e-01
-2.600000000000001199e-01
-2.199999999999998068e-01
3.000000000000045686e-02
-1.010000000000000675e+00
-2.700000000000000178e-01
6.800000000000003819e-01
2.299999999999997047e-01
-1.170000000000000373e+00
-2.999999999999988232e-01
-1.999999999999985678e-01
-1.399999999999987366e-01
-2.000000000000047573e-02
3.199999999999999512e-01
-5.800000000000002931e-01
-4.799999999999990941e-01
-5.099999999999992317e-01
-9.400000000000006128e-01
-1.899999999999993916e-01
1.100000000000007083e-01
-2.399999999999998246e-01
-1.070000000000000728e+00
-1.050000000000000711e+00
-1.100000000000000755e+00
-9.800000000000006484e-01
-1.070000000000000728e+00
-9.300000000000006040e-01
-9.000000000000006883e-01
-8.000000000000004885e-01
-4.100000000000002531e-01
-6.000000000000003109e-01
-1.199999999999997180e-01
-1.199999999999994404e-01
-4.399999999999998357e-01
8.300000000000011813e-01
6.400000000000001243e-01
7.999999999999959921e-02
3.700000000000012168e-01
5.000000000000000000e-01
2.299999999999990941e-01
7.900000000000010347e-01
8.100000000000007194e-01
9.999999999998968048e-03
-5.999999999999997558e-01
-9.999999999999738265e-03
4.100000000000003642e-01
-7.300000000000005373e-01
-1.399999999999995137e-01
-2.999999999999988787e-02
-8.400000000000006350e-01
-1.060000000000000719e+00
-8.900000000000006795e-01
-1.040000000000000702e+00
-1.030000000000000693e+00
-1.020000000000000684e+00
-7.900000000000004796e-01
-6.100000000000004308e-01
-7.300000000000005373e-01
-3.300000000000001821e-01
-3.000000000000001554e-01
-4.300000000000003819e-01
2.700000000000004619e-01
1.640000000000001457e+00
1.360000000000001208e+00
-3.899999999999996803e-01
4.100000000000006972e-01
-9.999999999999982514e-02
-8.900000000000000133e-01
6.400000000000001243e-01
3.700000000000005507e-01
-6.699999999999990408e-01
1.900000000000003353e-01
5.600000000000004974e-01
1.000000000000021011e-02
-2.099999999999998535e-01
3.800000000000004485e-01
-1.199999999999998568e-01
-2.300000000000000933e-01
-6.300000000000004485e-01
-1.020000000000000684e+00
-1.030000000000000693e+00
-1.000000000000000666e+00
-1.030000000000000693e+00
-8.000000000000005995e-01
-8.900000000000005684e-01
-8.500000000000006439e-01
-7.000000000000003997e-01
-4.700000000000001954e-01
-8.200000000000005063e-01
-1.299999999999997824e-01
1.150000000000001243e+00
1.900000000000000355e+00
6.199999999999996625e-01
-1.399999999999987921e-01
7.700000000000006839e-01
5.499999999999996003e-01
2.000000000000106554e-02
-6.599999999999991429e-01
4.900000000000004352e-01
6.000000000000001998e-01
8.600000000000010969e-01
-3.099999999999999423e-01
5.500000000000007105e-01
-7.500000000000004441e-01
-1.310000000000000941e+00
-1.099999999999999589e-01
-7.400000000000004352e-01
-9.500000000000006217e-01
-9.900000000000006573e-01
-9.400000000000007239e-01
-1.080000000000000737e+00
-8.700000000000005507e-01
-7.600000000000004530e-01
-9.200000000000007061e-01
-9.200000000000007061e-01
2.000000000000001776e-01
-5.800000000000002931e-01
-6.400000000000004574e-01
5.699999999999998401e-01
4.200000000000000400e-01
-5.400000000000000355e-01
-2.399999999999978817e-01
1.120000000000001217e+00
7.400000000000009903e-01
-1.899999999999992528e-01
-2.299999999999983724e-01
-9.999999999999928391e-02
8.100000000000010525e-01
2.800000000000000266e-01
-9.700000000000006395e-01
-2.299999999999999822e-01
-4.700000000000001954e-01
-1.010000000000000675e+00
-7.900000000000005906e-01
-5.700000000000002842e-01
-9.700000000000007505e-01
-1.020000000000000684e+00
-9.900000000000007683e-01
-1.070000000000000728e+00
-1.030000000000000693e+00
-1.080000000000000737e+00
-1.060000000000000719e+00
-1.550000000000001155e+00
-4.900000000000002132e-01
-3.599999999999999867e-01
-5.999999999999953287e-02
1.700000000000005951e-01
-9.000000000000005773e-01
1.699999999999996514e-01
-1.599999999999980882e-01
2.199999999999993072e-01
9.999999999999974187e-03
1.130000000000001448e+00
1.550000000000000933e+00
6.600000000000010303e-01
-3.600000000000004308e-01
-8.500000000000005329e-01
-8.200000000000002842e-01
-5.400000000000002576e-01
-9.500000000000006217e-01
-8.000000000000004885e-01
-1.130000000000000782e+00
-9.000000000000005773e-01
-1.000000000000000666e+00
-9.800000000000006484e-01
-1.070000000000000728e+00
-1.030000000000000693e+00
-1.070000000000000728e+00
-1.400000000000001021e+00
-1.640000000000001235e+00
-9.500000000000008438e-01
-6.600000000000003642e-01
-2.299999999999998157e-01
2.399999999999998801e-01
5.999999999999954675e-02
-3.999999999999998002e-01
1.300000000000000600e-01
-4.200000000000002620e-01
8.600000000000003197e-01
6.500000000000017986e-01
3.600000000000002087e-01
-3.000000000000094952e-02
8.800000000000014477e-01
7.199999999999998623e-01
-3.399999999999998579e-01
-1.180000000000000826e+00
-9.200000000000003730e-01
-2.699999999999997402e-01
-3.400000000000001910e-01
-6.800000000000004929e-01
-6.700000000000004841e-01
-1.160000000000000808e+00
-1.020000000000000684e+00
-9.300000000000006040e-01
-1.010000000000000675e+00
-1.230000000000000870e+00
-1.600000000000001199e+00
-1.420000000000001039e+00
-9.100000000000005862e-01
-8.800000000000005596e-01
-2.599999999999995093e-01
-1.900000000000002798e-01
-3.399999999999986366e-01
3.600000000000008749e-01
5.300000000000000266e-01
1.110000000000000542e+00
1.160000000000001252e+00
1.799999999999996603e-01
-3.000000000000005995e-01
8.600000000000003197e-01
1.250000000000001776e+00
2.999999999999994338e-01
1.999999999999986511e-02
-8.800000000000005596e-01
-1.060000000000000719e+00
-4.400000000000001688e-01
-1.199999999999997735e-01
-4.500000000000001776e-01
-4.300000000000001599e-01
-9.400000000000006128e-01
-1.000000000000000666e+00
-1.050000000000000711e+00
-1.030000000000000693e+00
-1.110000000000000764e+00
-1.240000000000000879e+00
-1.270000000000000906e+00
-6.000000000000001998e-01
-1.360000000000000986e+00
1.000000000000031419e-02
-2.700000000000000178e-01
4.999999999999983624e-02
-1.499999999999989675e-01
1.599999999999998646e-01
8.399999999999998579e-01
8.500000000000010880e-01
2.100000000000001310e-01
-1.600000000000001421e-01
1.460000000000001519e+00
1.400000000000001243e+00
-2.999999999999924255e-02
1.100000000000000533e+00
-5.600000000000001643e-01
-1.030000000000000249e+00
-1.410000000000001030e+00
-1.299999999999996436e-01
-1.160000000000000808e+00
-6.300000000000004485e-01
-8.900000000000005684e-01
-9.900000000000006573e-01
-9.700000000000007505e-01
-1.030000000000000693e+00
-9.800000000000006484e-01
-1.110000000000000764e+00
-1.380000000000001004e+00
-1.020000000000000684e+00
-1.510000000000001119e+00
-1.820000000000001394e+00
-2.999999999999951317e-02
-7.200000000000001954e-01
-5.900000000000001910e-01
1.299999999999996714e-01
2.899999999999995914e-01
9.400000000000009459e-01
1.910000000000002363e+00
4.499999999999997335e-01
2.069999999999995843e+00
1.000000000000000666e+00
-3.600000000000000977e-01
-2.199999999999997513e-01
-7.400000000000001021e-01
-2.999999999999991562e-01
7.999999999999998779e-02
1.300000000000000044e-01
-6.000000000000004219e-01
-8.400000000000005240e-01
-1.050000000000000711e+00
-9.500000000000007327e-01
-1.050000000000000711e+00
-9.400000000000007239e-01
-1.150000000000000799e+00
-1.430000000000001048e+00
-1.140000000000000790e+00
-1.290000000000000702e+00
-1.450000000000000844e+00
-2.259999999999994014e+00
-1.480000000000001092e+00
-6.100000000000000977e-01
-3.199999999999997291e-01
-3.099999999999996092e-01
8.600000000000003197e-01
4.299999999999989386e-01
1.610000000000001652e+00
9.900000000000008793e-01
1.670000000000000817e+00
6.600000000000002531e-01
-6.500000000000003553e-01
-9.200000000000003730e-01
-2.099999999999994649e-01
6.900000000000007239e-01
8.400000000000007461e-01
-3.999999999999980654e-02
-6.000000000000003109e-01
-7.500000000000005551e-01
-9.400000000000006128e-01
-1.030000000000000693e+00
-1.090000000000000746e+00
-9.800000000000007594e-01
-9.600000000000006306e-01
-1.400000000000001021e+00
-1.650000000000001243e+00
-8.300000000000004041e-01
-2.800000000000000822e-01
-1.220000000000000862e+00
-6.700000000000003730e-01
9.999999999999982514e-02
-8.999999999999949707e-02
-4.700000000000000844e-01
-1.499999999999990785e-01
-1.299999999999989220e-01
-8.800000000000003375e-01
-1.090000000000000524e+00
2.000000000000146105e-02
-3.999999999999998002e-01
-4.600000000000001865e-01
-2.199999999999993072e-01
2.499999999999996669e-01
6.700000000000008171e-01
3.900000000000001243e-01
-3.800000000000001155e-01
-7.900000000000004796e-01
-1.070000000000000728e+00
-8.700000000000005507e-01
-9.800000000000006484e-01
-1.060000000000000719e+00
-1.000000000000000666e+00
-1.010000000000000675e+00
-1.300000000000000933e+00
-1.040000000000000702e+00
-1.070000000000000728e+00
-4.399999999999993916e-01
-9.999999999999849287e-03
2.900000000000000355e-01
5.000000000000001110e-01
2.999999999999999334e-01
-1.860000000000001430e+00
-1.850000000000001421e+00
-6.700000000000002620e-01
-8.900000000000003464e-01
-1.660000000000001252e+00
-9.600000000000004086e-01
-5.099999999999997868e-01
-1.750000000000001332e+00
-4.999999999999979461e-02
-1.400000000000000688e-01
-1.699999999999998734e-01
-5.000000000000002220e-01
-5.200000000000002398e-01
-7.300000000000004263e-01
-1.020000000000000684e+00
-1.030000000000000693e+00
-1.050000000000000711e+00
-1.090000000000000746e+00
-9.000000000000006883e-01
-1.010000000000000675e+00
-9.900000000000006573e-01
-1.130000000000000782e+00
-1.140000000000000790e+00
-1.310000000000000941e+00
-1.420000000000001039e+00
-5.900000000000003020e-01
-4.899999999999997691e-01
-1.190000000000000835e+00
-1.730000000000001092e+00
-2.169999999999982609e+00
-1.690000000000001279e+00
-1.780000000000001359e+00
-1.080000000000000515e+00
-8.000000000000004885e-01
3.400000000000006350e-01
-1.540000000000001146e+00
-1.230000000000000870e+00
-9.500000000000006217e-01
-1.120000000000000773e+00
-8.100000000000004974e-01
-1.240000000000000879e+00
-8.100000000000004974e-01
-9.200000000000005951e-01
-9.900000000000006573e-01
-1.010000000000000675e+00
-1.040000000000000702e+00
-9.300000000000007150e-01
-1.010000000000000675e+00
-9.600000000000006306e-01
-1.210000000000000853e+00
-1.370000000000000995e+00
-9.100000000000005862e-01
-1.300000000000000933e+00
-1.490000000000001101e+00
-2.030000000000000249e+00
-2.380000000000006111e+00
-1.720000000000001084e+00
-1.710000000000001297e+00
-1.610000000000001208e+00
-1.970000000000000862e+00
-1.960000000000001519e+00
-1.890000000000001235e+00
-1.500000000000001110e+00
-1.290000000000000924e+00
-1.380000000000001004e+00
-1.620000000000001217e+00
-1.330000000000000959e+00
-9.100000000000005862e-01
-9.300000000000006040e-01
-1.090000000000000746e+00
-1.060000000000000719e+00
-1.010000000000000675e+00
-1.060000000000000719e+00
-9.200000000000007061e-01
-1.060000000000000719e+00
-9.100000000000005862e-01
-9.800000000000007594e-01
-8.600000000000006528e-01
-8.700000000000006617e-01
-1.010000000000000675e+00
-1.180000000000000826e+00
-1.040000000000000702e+00
-2.179999999999998828e+00
-1.920000000000001483e+00
-2.259999999999998455e+00
-2.399999999999992362e+00
-1.360000000000000986e+00
-1.630000000000001226e+00
-1.440000000000001057e+00
-1.830000000000001181e+00
-1.210000000000000853e+00
-1.230000000000000870e+00
-1.420000000000001039e+00
-1.540000000000001146e+00
-1.200000000000000844e+00
-9.600000000000006306e-01
-1.130000000000000782e+00
-9.500000000000007327e-01
-9.400000000000007239e-01
-1.060000000000000719e+00
-9.600000000000006306e-01
-9.800000000000006484e-01
-9.700000000000006395e-01
-9.800000000000006484e-01
-9.900000000000006573e-01
-1.020000000000000684e+00
-1.060000000000000719e+00
-1.070000000000000728e+00
-9.400000000000007239e-01
-1.000000000000000666e+00
-1.460000000000001075e+00
-1.750000000000001332e+00
-1.950000000000001510e+00
-2.020000000000000018e+00
-2.169999999999996376e+00
-1.420000000000001039e+00
-1.710000000000001297e+00
-1.520000000000001128e+00
-1.560000000000001164e+00
-1.420000000000001039e+00
-1.020000000000000684e+00
-9.500000000000006217e-01
-9.900000000000006573e-01
-9.200000000000007061e-01
-9.800000000000006484e-01
-8.700000000000006617e-01
-1.000000000000000666e+00
-1.090000000000000746e+00
-9.500000000000006217e-01
-9.500000000000006217e-01
-9.900000000000007683e-01
-9.300000000000007150e-01
-1.030000000000000693e+00
-8.900000000000006795e-01
-9.100000000000005862e-01
-1.050000000000000711e+00
-9.600000000000006306e-01
-9.500000000000006217e-01
-1.000000000000000666e+00
-1.190000000000000835e+00
-1.110000000000000764e+00
-1.270000000000000906e+00
-1.190000000000000835e+00
-1.200000000000000844e+00
-1.360000000000000986e+00
-1.300000000000000933e+00
-8.600000000000005418e-01
-9.700000000000006395e-01
-1.040000000000000702e+00
-1.070000000000000728e+00
-9.900000000000006573e-01
-1.020000000000000684e+00
-9.900000000000006573e-01
-1.040000000000000702e+00
-9.600000000000006306e-01
-9.500000000000006217e-01
-1.030000000000000693e+00
